100 : (12 , 6)
200 : (12 , 6)
300 : (12 , 6)
400 : (12 , 6)
500 : (12 , 6)
600 : (12 , 6)
700 : (12.6 , 6)
800 : (13 , 6)
900 : (13 , 6)
1000 : (13 , 6)
1100 : (13 , 6)
1200 : (13 , 6)
1300 : (13 , 6)
1400 : (13 , 6.8)
1500 : (13 , 7)
1600 : (13 , 7)
1700 : (13 , 7)
1800 : (13 , 7)
1900 : (13 , 7)
2000 : (13 , 7)
2100 : (13 , 7)
2200 : (13 , 7)
2300 : (13 , 7)
2400 : (13 , 7)
2500 : (13 , 7)
2600 : (13 , 7)
2700 : (13 , 7)
2800 : (13 , 7)
2900 : (13 , 7)
3000 : (13 , 7)
3100 : (13 , 7)
3200 : (13 , 7)
3300 : (13 , 7)
3400 : (13 , 7)
3500 : (13 , 7)
3600 : (13 , 7)
3700 : (13 , 7)
3800 : (13 , 7)
3900 : (13 , 7)
4000 : (13 , 7)
4100 : (13 , 7)
4200 : (13 , 7)
4300 : (13 , 7)
4400 : (13 , 7)
4500 : (13 , 7)
4600 : (13 , 7)
4700 : (13 , 7)
4800 : (13 , 7)
4900 : (13 , 7)
5000 : (13 , 7)
5100 : (13 , 7)
5200 : (13 , 7)
5300 : (13 , 7)
5400 : (13 , 7)
5500 : (13 , 7)
5600 : (13 , 7)
5700 : (13 , 7)
5800 : (13 , 7)
5900 : (13 , 7)
6000 : (13 , 7)
6100 : (13 , 7)
6200 : (13.4 , 7)
6300 : (13.2 , 7)
6400 : (13.6 , 7)
6500 : (13.8 , 7)
6600 : (14 , 7)
6700 : (14 , 7)
6800 : (14 , 7)
6900 : (14 , 7)
7000 : (14 , 7)
7100 : (14 , 7)
7200 : (14 , 7)
7300 : (14 , 7)
7400 : (14 , 7)
7500 : (14 , 7)
7600 : (14 , 7)
7700 : (14 , 7)
7800 : (14 , 7)
7900 : (14 , 7)
8000 : (14 , 7)
8100 : (14 , 7)
8200 : (14 , 7)
8300 : (14 , 7)
8400 : (14 , 7)
8500 : (14 , 7)
8600 : (14 , 7)
8700 : (14 , 7)
8800 : (14 , 7)
8900 : (14 , 7)
9000 : (14 , 7)
9100 : (14 , 7)
9200 : (14 , 7)
9300 : (14 , 7)
9400 : (14 , 7)
9500 : (14 , 7)
9600 : (14 , 7)
9700 : (14 , 7)
9800 : (14 , 7)
9900 : (14 , 7)
10000 : (14 , 7)